(7903, 1061) -> (20959, 1061)
(1692, 1258) -> (18881, 1258)
(4071, 1321) -> (15633, 1321)
(3014, 1579) -> (13040, 1579)
(3705, 1787) -> (15690, 1787)
(2640, 1835) -> (20679, 1835)
(1328, 1862) -> (13080, 1862)
(13711, 1871) -> (18503, 1871)
(11435, 1969) -> (18303, 1969)
(2133, 2005) -> (13805, 2005)
(5635, 2248) -> (19921, 2248)
(2921, 2278) -> (13787, 2278)
(9154, 2478) -> (17129, 2478)
(3969, 2697) -> (16938, 2697)
(3327, 3666) -> (15545, 3666)
(3387, 3762) -> (17386, 3762)
(3120, 4019) -> (12634, 4019)
(1069, 4178) -> (17128, 4178)
(4930, 4633) -> (18510, 4633)
(2961, 4669) -> (19655, 4669)
(1503, 4944) -> (19165, 4944)
(3469, 5013) -> (19121, 5013)
(6210, 5834) -> (7378, 5834)
(10662, 6016) -> (18992, 6016)
(10547, 6281) -> (20106, 6281)
(2745, 6620) -> (10311, 6620)
(7217, 7013) -> (20274, 7013)
(5476, 7123) -> (17024, 7123)
(5860, 7391) -> (16862, 7391)
(14340, 7807) -> (18031, 7807)
(2852, 8128) -> (20123, 8128)
(6599, 8243) -> (15341, 8243)
(9877, 8368) -> (19277, 8368)
(1195, 9004) -> (18673, 9004)
(1547, 9420) -> (11331, 9420)
(14284, 9681) -> (20739, 9681)
(7057, 9808) -> (18361, 9808)
(2578, 9830) -> (16543, 9830)
(1988, 10307) -> (17334, 10307)
(3230, 10334) -> (17913, 10334)
(1295, 11057) -> (19110, 11057)
(4136, 12046) -> (16302, 12046)
(3143, 12095) -> (14002, 12095)
(3566, 12570) -> (19409, 12570)
(2547, 12628) -> (13795, 12628)
(5283, 12647) -> (14696, 12647)
(3083, 13661) -> (20095, 13661)
(6923, 14049) -> (20447, 14049)
(1049, 14118) -> (15022, 14118)
(15032, 14175) -> (20785, 14175)
(5516, 14243) -> (11448, 14243)
(4301, 14436) -> (11808, 14436)
(6544, 14630) -> (9489, 14630)
(1787, 14638) -> (19827, 14638)
(5797, 14770) -> (20303, 14770)
(1230, 15680) -> (13285, 15680)
(1090, 15840) -> (10781, 15840)
(3072, 15953) -> (19079, 15953)
(4050, 16819) -> (15932, 16819)
(4141, 16975) -> (15611, 16975)
(9515, 17047) -> (19974, 17047)
(10558, 17358) -> (14928, 17358)
(4653, 17637) -> (17831, 17637)
(4525, 17925) -> (19136, 17925)
(1707, 17944) -> (16032, 17944)
(10402, 18306) -> (19234, 18306)
(5184, 18549) -> (18924, 18549)
(1313, 19055) -> (11742, 19055)
(2793, 19081) -> (9414, 19081)
(1255, 19103) -> (20410, 19103)
(4425, 19374) -> (17080, 19374)
(5673, 19457) -> (19304, 19457)
(2136, 19721) -> (20381, 19721)
(10027, 20618) -> (20029, 20618)
(1536, 20976) -> (14591, 20976)
