(31993, 8263) -> (10618, 29638)
(21676, 13831) -> (3764, 31743)
(1930, 8070) -> (26781, 8070)
(225, 9391) -> (27077, 9391)
(80, 16341) -> (15550, 16341)
(351, 20127) -> (31354, 20127)
(1895, 21002) -> (25705, 21002)
(2501, 28637) -> (30413, 28637)
(507, 29261) -> (24211, 29261)
(8670, 29272) -> (32354, 29272)
(19461, 29846) -> (31290, 29846)
(978, 1064) -> (12092, 6621)
(5988, 5608) -> (32423, 21469)
(26700, 2846) -> (31772, 7918)
(8317, 11019) -> (13654, 16356)
(19754, 10790) -> (31422, 22458)
(4462, 12883) -> (14205, 22626)
(3791, 10336) -> (19136, 25681)
(10630, 22563) -> (17320, 29253)
(10725, 14483) -> (27146, 30904)
(9039, 14024) -> (27427, 32412)
(15341, 7167) -> (25983, 23130)
(14097, 4094) -> (27472, 30844)
(12581, 659) -> (12581, 12555)
(5231, 8365) -> (5231, 19199)
(14588, 8324) -> (14588, 19900)
(20642, 5944) -> (20642, 26252)
(5950, 18919) -> (5950, 28508)
(11405, 16586) -> (11405, 28633)
(1174, 2345) -> (1174, 29361)
(4306, 5774) -> (4306, 29543)
(23779, 16139) -> (23779, 29789)
(4722, 683) -> (4722, 29802)
(21998, 1915) -> (21998, 30662)
(15746, 894) -> (15746, 31080)
