(1090, 1279) -> (13975, 1279)
(3341, 1321) -> (15533, 1321)
(2283, 1877) -> (20689, 1877)
(1447, 2070) -> (19652, 2070)
(1524, 2377) -> (15620, 2377)
(7521, 2491) -> (17928, 2491)
(2053, 2907) -> (20360, 2907)
(4339, 2922) -> (14108, 2922)
(8850, 3115) -> (20255, 3115)
(1457, 3126) -> (11549, 3126)
(2777, 3186) -> (7438, 3186)
(5311, 3227) -> (17189, 3227)
(2068, 3814) -> (15795, 3814)
(6355, 3883) -> (17874, 3883)
(2513, 3884) -> (19914, 3884)
(12584, 3956) -> (17835, 3956)
(11020, 4184) -> (20610, 4184)
(10297, 4430) -> (20296, 4430)
(1239, 4848) -> (12319, 4848)
(2928, 5262) -> (9016, 5262)
(3288, 5270) -> (18953, 5270)
(1145, 5298) -> (11194, 5298)
(2089, 5368) -> (20729, 5368)
(3462, 5453) -> (10282, 5453)
(1384, 5505) -> (18355, 5505)
(3619, 5538) -> (15549, 5538)
(3908, 5563) -> (19963, 5563)
(10441, 5730) -> (19100, 5730)
(1400, 5883) -> (17733, 5883)
(2051, 6123) -> (20715, 6123)
(1238, 6140) -> (11759, 6140)
(3658, 6338) -> (11043, 6338)
(1173, 6889) -> (19585, 6889)
(4166, 6909) -> (15997, 6909)
(3401, 7315) -> (19919, 7315)
(4109, 7659) -> (16981, 7659)
(5507, 7934) -> (14353, 7934)
(6017, 7946) -> (15401, 7946)
(4596, 7963) -> (20814, 7963)
(6443, 8379) -> (19201, 8379)
(4958, 8585) -> (13573, 8585)
(2882, 8611) -> (12721, 8611)
(6586, 8650) -> (11386, 8650)
(6352, 9135) -> (20523, 9135)
(6508, 9178) -> (20346, 9178)
(1324, 9290) -> (20609, 9290)
(1608, 9347) -> (18396, 9347)
(3635, 9886) -> (19282, 9886)
(5272, 9898) -> (15848, 9898)
(1666, 10130) -> (18129, 10130)
(1905, 10232) -> (14147, 10232)
(4461, 10272) -> (16147, 10272)
(3798, 10339) -> (20409, 10339)
(1630, 11385) -> (14915, 11385)
(3933, 11459) -> (16774, 11459)
(3334, 12013) -> (11447, 12013)
(2479, 12111) -> (18174, 12111)
(9219, 12701) -> (19227, 12701)
(9791, 12721) -> (18910, 12721)
(6937, 13076) -> (18603, 13076)
(1672, 13404) -> (19787, 13404)
(2150, 13453) -> (20049, 13453)
(1157, 13507) -> (10552, 13507)
(7248, 13632) -> (16054, 13632)
(5764, 13634) -> (13774, 13634)
(11278, 13752) -> (19141, 13752)
(2689, 13933) -> (11884, 13933)
(13394, 14170) -> (19946, 14170)
(1192, 14330) -> (15142, 14330)
(4361, 14461) -> (11740, 14461)
(1914, 14462) -> (18212, 14462)
(2656, 14586) -> (11599, 14586)
(6377, 14789) -> (11163, 14789)
(3792, 15012) -> (20516, 15012)
(4237, 15261) -> (18392, 15261)
(6823, 15428) -> (18961, 15428)
(2828, 15500) -> (13277, 15500)
(1329, 15556) -> (18994, 15556)
(3881, 15773) -> (20547, 15773)
(6855, 16086) -> (20673, 16086)
(5675, 16225) -> (20343, 16225)
(5221, 16284) -> (15503, 16284)
(3148, 16761) -> (19412, 16761)
(5505, 16784) -> (12187, 16784)
(4609, 17059) -> (12198, 17059)
(1085, 17159) -> (20028, 17159)
(9581, 17217) -> (17442, 17217)
(5119, 17293) -> (17042, 17293)
(1781, 18394) -> (14390, 18394)
(16448, 18630) -> (20990, 18630)
(6795, 18675) -> (18393, 18675)
(8675, 18688) -> (19847, 18688)
(8858, 18806) -> (17903, 18806)
(11665, 18921) -> (15546, 18921)
(13675, 19101) -> (18429, 19101)
(2038, 19155) -> (18305, 19155)
(3456, 19925) -> (20453, 19925)
(2638, 20488) -> (14637, 20488)
(5640, 20636) -> (20063, 20636)
(5835, 20698) -> (19642, 20698)
