(23500, 9997) -> (25500, 9997)
(17501, 9998) -> (19501, 9998)
(20500, 9999) -> (22500, 9999)
(14499, 10000) -> (16500, 10000)
(20500, 11994) -> (22000, 11994)
(26500, 11996) -> (28500, 11996)
(23500, 11997) -> (25000, 11997)
(14500, 12001) -> (16500, 12001)
(26500, 13996) -> (28500, 13996)
(23500, 13997) -> (25500, 13997)
(20500, 13999) -> (22500, 13999)
(14500, 14000) -> (16499, 14000)
(11000, 17995) -> (13000, 17995)
(11000, 21995) -> (13000, 21995)
(8000, 22000) -> (10000, 22000)
(4501, 25999) -> (6501, 25999)
(1500, 26001) -> (3500, 26001)
(2500, 28001) -> (3500, 28001)
(4501, 29999) -> (6501, 29999)
(1500, 30001) -> (3499, 30001)
(16500, 10000) -> (16500, 12001)
(26500, 9996) -> (26500, 13996)
(28500, 11996) -> (28500, 13996)
(23500, 9997) -> (23500, 13997)
(17501, 9998) -> (17501, 13998)
(20500, 9999) -> (20500, 13999)
(14500, 12001) -> (14500, 14000)
(11000, 17995) -> (11000, 21995)
(13000, 17995) -> (13000, 21995)
(9000, 18003) -> (9000, 22000)
(3500, 26001) -> (3500, 28001)
(4501, 25999) -> (4501, 29999)
(6501, 25999) -> (6501, 29999)
(1500, 26001) -> (1500, 30001)
