(10586, 3661) -> (10586, 8957)
(15588, 2277) -> (15588, 10388)
(3285, 1020) -> (3285, 11149)
(2329, 3548) -> (2329, 11424)
(4933, 2601) -> (4933, 11746)
(9973, 8672) -> (9973, 11890)
(12870, 6580) -> (12870, 12536)
(7198, 3422) -> (7198, 13253)
(7513, 3352) -> (7513, 13785)
(15080, 2165) -> (15080, 14698)
(13575, 6545) -> (13575, 14712)
(12459, 7733) -> (12459, 14714)
(9447, 2339) -> (9447, 14757)
(3713, 7799) -> (3713, 14857)
(11625, 9956) -> (11625, 14998)
(10494, 11665) -> (10494, 15197)
(12634, 3036) -> (12634, 15835)
(3192, 6620) -> (3192, 15949)
(4613, 5297) -> (4613, 16045)
(20181, 2824) -> (20181, 16201)
(12896, 10446) -> (12896, 16441)
(14311, 2046) -> (14311, 16473)
(7627, 5652) -> (7627, 16535)
(12914, 2226) -> (12914, 16589)
(13742, 8078) -> (13742, 16705)
(11540, 7338) -> (11540, 16973)
(14476, 4516) -> (14476, 17038)
(10298, 1819) -> (10298, 17184)
(9242, 3732) -> (9242, 17315)
(15872, 7189) -> (15872, 17327)
(9632, 1012) -> (9632, 17477)
(8381, 5760) -> (8381, 17708)
(17620, 1804) -> (17620, 17870)
(18596, 4373) -> (18596, 17927)
(6923, 2984) -> (6923, 17968)
(14585, 3075) -> (14585, 18011)
(11062, 3793) -> (11062, 18064)
(19825, 5055) -> (19825, 18158)
(17711, 1950) -> (17711, 18397)
(18922, 3675) -> (18922, 18490)
(13615, 6274) -> (13615, 18491)
(3184, 7083) -> (3184, 18556)
(20496, 1098) -> (20496, 18579)
(19272, 6244) -> (19272, 18599)
(3662, 10239) -> (3662, 18639)
(18202, 3595) -> (18202, 18701)
(8436, 12756) -> (8436, 18861)
(7721, 10795) -> (7721, 18899)
(13770, 7963) -> (13770, 18903)
(13780, 16365) -> (13780, 18908)
(7690, 1825) -> (7690, 19134)
(9866, 5920) -> (9866, 19212)
(20955, 8532) -> (20955, 19290)
(15183, 1043) -> (15183, 19391)
(10381, 4521) -> (10381, 19394)
(4413, 3638) -> (4413, 19405)
(6108, 6011) -> (6108, 19497)
(14919, 2993) -> (14919, 19559)
(20501, 2438) -> (20501, 19682)
(11832, 3954) -> (11832, 19697)
(5198, 4209) -> (5198, 19699)
(1697, 3244) -> (1697, 19713)
(9515, 1475) -> (9515, 19765)
(11597, 7777) -> (11597, 19949)
(12452, 8293) -> (12452, 20209)
(5625, 1911) -> (5625, 20287)
(13093, 5296) -> (13093, 20317)
(17434, 4622) -> (17434, 20329)
(14382, 2791) -> (14382, 20333)
(11004, 1669) -> (11004, 20562)
(6614, 5413) -> (6614, 20700)
(12709, 6697) -> (12709, 20779)
(8194, 1866) -> (8194, 20797)
(1636, 10967) -> (1636, 20931)
(18293, 5438) -> (18293, 20983)
