(12000, 4000) -> (6000, 22000)
(29000, 8000) -> (22000, 29000)
(19000, 10000) -> (11000, 26000)
(12000, 5000) -> (1000, 27000)
(17000, 1000) -> (3000, 29000)
(24000, 5000) -> (12000, 29000)
(26000, 5000) -> (14000, 29000)
(17000, 0) -> (1000, 16000)
(26000, 5000) -> (15000, 16000)
(17000, 1000) -> (0, 18000)
(26000, 6000) -> (3000, 29000)
(24000, 10000) -> (6000, 22000)
(30000, 8000) -> (3000, 26000)
(21000, 5000) -> (9000, 11000)
(29000, 10000) -> (3000, 23000)
(30000, 21000) -> (10000, 31000)
(30000, 8000) -> (0, 18000)
(21000, 0) -> (9000, 3000)
(1000, 0) -> (21000, 0)
(10000, 5000) -> (26000, 5000)
(0, 8000) -> (30000, 8000)
(9000, 9000) -> (25000, 9000)
(19000, 10000) -> (29000, 10000)
(3000, 11000) -> (31000, 11000)
(1000, 16000) -> (29000, 16000)
(0, 18000) -> (15000, 18000)
(12000, 20000) -> (25000, 20000)
(7000, 25000) -> (29000, 25000)
(1000, 29000) -> (29000, 29000)
(10000, 31000) -> (28000, 31000)
(3000, 1000) -> (15000, 5000)
(6000, 0) -> (30000, 8000)
(1000, 1000) -> (21000, 11000)
(13000, 2000) -> (31000, 11000)
(17000, 1000) -> (26000, 10000)
(6000, 0) -> (21000, 15000)
(15000, 2000) -> (29000, 16000)
(1000, 0) -> (25000, 24000)
(5000, 0) -> (31000, 26000)
(1000, 1000) -> (29000, 29000)
(0, 8000) -> (23000, 31000)
(15000, 18000) -> (28000, 31000)
(13000, 9000) -> (29000, 29000)
(3000, 1000) -> (24000, 29000)
(13000, 2000) -> (25000, 20000)
(9000, 9000) -> (23000, 30000)
(12000, 5000) -> (24000, 29000)
(9000, 3000) -> (23000, 31000)
(17000, 0) -> (23000, 30000)
(26000, 5000) -> (26000, 14000)
(21000, 0) -> (21000, 15000)
(15000, 2000) -> (15000, 18000)
(9000, 3000) -> (9000, 25000)
(11000, 7000) -> (11000, 26000)
(13000, 2000) -> (13000, 27000)
(1000, 0) -> (1000, 29000)
(3000, 1000) -> (3000, 29000)
(22000, 9000) -> (22000, 29000)
(24000, 5000) -> (24000, 29000)
(29000, 8000) -> (29000, 29000)
(12000, 4000) -> (12000, 31000)
(17000, 0) -> (17000, 31000)
