(17923, 1355) -> (17923, 8074)
(1520, 1905) -> (1520, 8753)
(3914, 3485) -> (3914, 11209)
(13785, 3757) -> (13785, 11379)
(10209, 1143) -> (10209, 12199)
(4485, 4378) -> (4485, 12235)
(18131, 1749) -> (18131, 12544)
(5949, 1149) -> (5949, 12595)
(10339, 2889) -> (10339, 12895)
(1622, 5758) -> (1622, 13330)
(3406, 6590) -> (3406, 13476)
(5550, 6468) -> (5550, 13504)
(5865, 2614) -> (5865, 14168)
(15294, 3053) -> (15294, 14472)
(3281, 8860) -> (3281, 14781)
(13123, 5493) -> (13123, 14864)
(9474, 3278) -> (9474, 14873)
(19431, 3384) -> (19431, 15040)
(2825, 2769) -> (2825, 16374)
(19481, 1523) -> (19481, 16392)
(18280, 1702) -> (18280, 16442)
(2149, 8340) -> (2149, 16494)
(17381, 2148) -> (17381, 16837)
(11016, 4708) -> (11016, 17088)
(10013, 1223) -> (10013, 17315)
(2460, 4852) -> (2460, 17335)
(5919, 11640) -> (5919, 17637)
(8410, 1564) -> (8410, 18036)
(3892, 9161) -> (3892, 18074)
(19895, 4464) -> (19895, 18558)
(12787, 14589) -> (12787, 18725)
(14146, 2336) -> (14146, 18952)
(13871, 12374) -> (13871, 19018)
(10887, 2068) -> (10887, 19090)
(7058, 4398) -> (7058, 19329)
(10174, 3729) -> (10174, 19357)
(17699, 8804) -> (17699, 19899)
(12949, 1355) -> (12949, 19988)
(14980, 8902) -> (14980, 20059)
(6271, 6583) -> (6271, 20174)
(4118, 1188) -> (4118, 20420)
(5991, 15606) -> (5991, 20424)
(20950, 8235) -> (20950, 20465)
(15454, 1149) -> (15454, 20467)
(19690, 12965) -> (19690, 20475)
(6429, 1304) -> (6429, 20570)
(18534, 2525) -> (18534, 20813)
(1364, 4202) -> (1364, 20850)
(8729, 3854) -> (8729, 20874)
(10695, 1287) -> (10695, 20927)
