(10021, 1256) -> (19615, 1256)
(1697, 2986) -> (15748, 2986)
(5172, 4642) -> (20727, 4642)
(2214, 6631) -> (19618, 6631)
(4973, 7917) -> (17546, 7917)
(2893, 8542) -> (20545, 8542)
(6825, 10208) -> (11139, 10208)
(1694, 10494) -> (9815, 10494)
(10926, 11533) -> (16281, 11533)
(3467, 11600) -> (19296, 11600)
(2411, 12258) -> (11636, 12258)
(7106, 12401) -> (19870, 12401)
(2387, 13497) -> (19135, 13497)
(2566, 13870) -> (19459, 13870)
(10141, 14510) -> (20724, 14510)
(12774, 15282) -> (20732, 15282)
(3522, 16433) -> (17243, 16433)
(2841, 16561) -> (11738, 16561)
(2978, 16594) -> (20953, 16594)
(7300, 17394) -> (16910, 17394)
(7577, 17772) -> (14099, 17772)
(2760, 18242) -> (8748, 18242)
(6268, 18593) -> (19710, 18593)
(5220, 20333) -> (20780, 20333)
(8784, 20913) -> (19666, 20913)
