(3996, 8214) -> (3993, 10623)
(31443, 960) -> (31440, 1860)
(31920, 756) -> (31914, 1830)
(12525, 17277) -> (12519, 18024)
(14286, 16941) -> (14277, 17556)
(4167, 17826) -> (4137, 18846)
(8280, 16554) -> (8247, 17640)
(5670, 13326) -> (5646, 14043)
(13086, 13644) -> (13074, 13974)
(4224, 16407) -> (4194, 17223)
(4194, 17223) -> (4167, 17826)
(11664, 12222) -> (11655, 12384)
(12312, 12069) -> (12300, 12276)
(10374, 12996) -> (10356, 13266)
(14790, 14757) -> (14739, 15399)
(17880, 15510) -> (17823, 16224)
(19458, 21372) -> (19389, 22212)
(11373, 12705) -> (11322, 13233)
(8463, 9480) -> (8394, 10116)
(5637, 16056) -> (5556, 16773)
(4119, 14721) -> (3990, 15810)
(14364, 16341) -> (14286, 16941)
(4746, 16206) -> (4626, 17073)
(4323, 6054) -> (3996, 8214)
(11889, 12225) -> (11868, 12345)
(24690, 216) -> (24087, 3543)
(19212, 22959) -> (19071, 23718)
(14214, 16326) -> (14097, 16950)
(17280, 14103) -> (17184, 14574)
(17829, 20301) -> (17619, 21303)
(16266, 12777) -> (16107, 13533)
(3993, 10623) -> (3777, 11640)
(31017, 816) -> (30984, 966)
(5754, 14547) -> (5673, 14913)
(3777, 11640) -> (3630, 12303)
(3021, 17328) -> (2862, 18033)
(19611, 20040) -> (19356, 21153)
(18483, 16914) -> (18327, 17574)
(19389, 22212) -> (19212, 22959)
(10626, 4713) -> (10383, 5730)
(8916, 10410) -> (8526, 11976)
(7497, 2463) -> (7014, 4320)
(3804, 1017) -> (3153, 3363)
(17067, 7146) -> (16614, 8640)
(14631, 17289) -> (14559, 17523)
(4737, 4710) -> (4323, 6054)
(16590, 5247) -> (15747, 7956)
(4497, 15534) -> (4224, 16407)
(3990, 15810) -> (3651, 16878)
(17355, 17376) -> (17208, 17838)
(13074, 12087) -> (13032, 12216)
(16374, 7353) -> (16014, 8433)
(24087, 3543) -> (23247, 6006)
(4494, 2787) -> (3750, 4917)
(7350, 11850) -> (6927, 13056)
(15105, 17289) -> (15057, 17424)
(10140, 5664) -> (9786, 6657)
(3153, 3363) -> (2487, 5046)
(6210, 11967) -> (5670, 13326)
(14739, 15399) -> (14364, 16341)
(14553, 15477) -> (14214, 16326)
(13704, 12147) -> (13644, 12297)
(11697, 15030) -> (11523, 15444)
(8394, 10116) -> (8037, 10884)
(17619, 21303) -> (17244, 22041)
(11289, 17832) -> (11208, 17988)
(2487, 5046) -> (1833, 6300)
(9666, 9030) -> (8916, 10410)
(5283, 15303) -> (5094, 15633)
(4854, 14916) -> (4497, 15534)
(16614, 8640) -> (15714, 10197)
(18327, 17574) -> (18093, 17973)
(7713, 12657) -> (7497, 13017)
(23247, 6006) -> (21336, 9063)
(8727, 15840) -> (8280, 16554)
(15729, 17361) -> (15642, 17499)
(7284, 10266) -> (6210, 11967)
(3102, 19752) -> (2571, 20589)
(18690, 24795) -> (17895, 26031)
(8880, 7824) -> (8214, 8856)
(8214, 8856) -> (7284, 10266)
(9786, 6657) -> (9357, 7287)
(12846, 17886) -> (12426, 18477)
(8037, 10884) -> (7350, 11850)
(11715, 17712) -> (11619, 17841)
(10668, 17652) -> (10512, 17847)
(21330, 9006) -> (20733, 9744)
(9357, 7287) -> (8880, 7824)
(6363, 16776) -> (5523, 17709)
(15096, 14874) -> (14553, 15477)
(14901, 18138) -> (14511, 18561)
(11052, 17877) -> (10923, 18015)
(4578, 18474) -> (4035, 19044)
(10200, 4530) -> (8814, 5910)
(11157, 4194) -> (10626, 4713)
(14499, 17220) -> (14334, 17376)
(3273, 19095) -> (2982, 19368)
(5646, 14043) -> (5313, 14343)
(16866, 16929) -> (16377, 17367)
(3222, 17148) -> (3021, 17328)
(10410, 8376) -> (9666, 9030)
(5637, 16056) -> (5196, 16443)
(14667, 27252) -> (14169, 27672)
(13356, 14301) -> (12963, 14631)
(20733, 9744) -> (19857, 10476)
(12246, 14769) -> (12066, 14919)
(5523, 17709) -> (4578, 18474)
(10476, 12786) -> (9837, 13293)
(32706, 20013) -> (32373, 20274)
(9864, 8157) -> (8964, 8850)
(12426, 18477) -> (11697, 19023)
(17208, 17838) -> (16689, 18225)
(16677, 26526) -> (16215, 26868)
(21210, 21231) -> (20754, 21561)
(16407, 8580) -> (15756, 9030)
(11313, 12210) -> (10476, 12786)
(21594, 20967) -> (21210, 21231)
(11397, 3753) -> (10200, 4530)
(10197, 5520) -> (7497, 7227)
(3651, 16878) -> (3222, 17148)
(12606, 18588) -> (12297, 18780)
(11763, 17889) -> (11496, 18054)
(10353, 4920) -> (9447, 5457)
(21993, 20733) -> (21594, 20967)
(15459, 17229) -> (15294, 17325)
(11991, 14859) -> (11697, 15030)
(22467, 20460) -> (21993, 20733)
(14169, 27672) -> (13443, 28086)
(14631, 17289) -> (14403, 17415)
(15549, 17811) -> (14844, 18195)
(10269, 17064) -> (9807, 17313)
(18093, 17973) -> (17430, 18330)
(15207, 16680) -> (14754, 16920)
(12963, 14631) -> (12369, 14943)
(17355, 17376) -> (16908, 17601)
(12567, 14610) -> (12246, 14769)
(9534, 15444) -> (8727, 15840)
(17013, 17919) -> (16374, 18228)
(3168, 20301) -> (2571, 20589)
(18543, 10884) -> (16797, 11667)
(5217, 14754) -> (4854, 14916)
(11004, 12717) -> (10374, 12996)
(17055, 17751) -> (16194, 18132)
(32373, 20274) -> (31776, 20523)
(16377, 17367) -> (15930, 17553)
(30390, 20886) -> (29754, 21147)
(7608, 18639) -> (7146, 18828)
(17895, 26031) -> (16677, 26526)
(15660, 18117) -> (15246, 18285)
(9900, 18570) -> (9384, 18777)
(10899, 21951) -> (10146, 22248)
(16908, 17601) -> (16245, 17862)
(12936, 14466) -> (12567, 14610)
(7800, 18864) -> (7185, 19092)
(4869, 13881) -> (4098, 14160)
(15579, 26922) -> (14667, 27252)
(15513, 17016) -> (14847, 17241)
(11715, 17712) -> (11571, 17760)
(12114, 11010) -> (11034, 11367)
(3837, 22119) -> (3099, 22359)
(15699, 16521) -> (15207, 16680)
(13161, 14394) -> (12936, 14466)
(16689, 18225) -> (15843, 18492)
(19857, 10476) -> (18543, 10884)
(20754, 21561) -> (20115, 21759)
(3099, 22359) -> (2679, 22488)
(31233, 750) -> (31017, 816)
(3846, 12393) -> (3354, 12543)
(11565, 18543) -> (11079, 18687)
(12498, 21489) -> (10899, 21951)
(4431, 21948) -> (3837, 22119)
(14166, 17760) -> (13533, 17940)
(31776, 20523) -> (31200, 20676)
(12573, 13164) -> (11763, 13377)
(31200, 20676) -> (30390, 20886)
(23457, 20220) -> (22467, 20460)
(12297, 18780) -> (11514, 18966)
(15567, 17517) -> (15423, 17550)
(13176, 13026) -> (12573, 13164)
(12393, 11964) -> (11313, 12210)
(20115, 21759) -> (19509, 21891)
(29274, 21123) -> (28527, 21276)
(15843, 18492) -> (14904, 18684)
(23913, 20127) -> (23457, 20220)
(18006, 17625) -> (17475, 17733)
(11853, 18312) -> (10785, 18525)
(13650, 14244) -> (13356, 14301)
(17430, 18330) -> (16494, 18510)
(15873, 14730) -> (15096, 14874)
(12060, 12414) -> (11394, 12537)
(13080, 12444) -> (12213, 12600)
(10605, 27507) -> (9252, 27747)
(18705, 17502) -> (18006, 17625)
(12060, 8103) -> (10410, 8376)
(19071, 23718) -> (18642, 23787)
(14790, 14757) -> (14586, 14787)
(10620, 8046) -> (9864, 8157)
(11496, 18054) -> (11043, 18120)
(11697, 19023) -> (10713, 19164)
(12873, 12300) -> (12060, 12414)
(11928, 18654) -> (10962, 18789)
(18318, 17295) -> (17502, 17409)
(16374, 18228) -> (15708, 18321)
(2679, 22488) -> (2292, 22539)
(15930, 17553) -> (15306, 17631)
(11067, 13317) -> (10290, 13410)
(16293, 16926) -> (15513, 17016)
(14334, 13074) -> (13800, 13134)
(12213, 12600) -> (11364, 12693)
(16653, 16887) -> (16293, 16926)
(10554, 17559) -> (9801, 17640)
(14142, 21345) -> (12498, 21489)
(11715, 18804) -> (10416, 18915)
(16215, 26868) -> (15579, 26922)
(10947, 17007) -> (10269, 17064)
(10713, 19164) -> (9534, 19263)
(10620, 15360) -> (9534, 15444)
(16854, 14664) -> (15873, 14730)
(11364, 12693) -> (11004, 12717)
(10785, 18525) -> (9900, 18570)
(2292, 22539) -> (1968, 22554)
(9801, 17640) -> (9321, 17661)
(16494, 18510) -> (15717, 18543)
(8364, 18609) -> (7608, 18639)
(3822, 20277) -> (3168, 20301)
(11514, 18966) -> (10308, 19002)
(17823, 16224) -> (17394, 16233)
(14379, 14460) -> (14223, 14463)
(8295, 18858) -> (7800, 18864)
(13500, 12294) -> (12873, 12300)
(31920, 756) -> (32420, 756)
(13836, 12633) -> (14196, 12633)
(15459, 17229) -> (15660, 17229)
(23913, 20127) -> (24963, 20127)
(14334, 13074) -> (15033, 13080)
(8355, 18819) -> (8835, 18828)
(10554, 17559) -> (11307, 17574)
(13500, 12294) -> (13644, 12297)
(15660, 18117) -> (16194, 18132)
(10371, 18099) -> (11043, 18120)
(14943, 18513) -> (15717, 18543)
(14721, 21495) -> (15798, 21537)
(2640, 12513) -> (3354, 12543)
(12114, 11010) -> (13587, 11073)
(29274, 21123) -> (29754, 21147)
(14499, 17220) -> (14847, 17241)
(8574, 22152) -> (10146, 22248)
(1452, 22521) -> (1968, 22554)
(10284, 18636) -> (11079, 18687)
(12060, 8103) -> (13356, 8187)
(9855, 18717) -> (10962, 18789)
(15699, 16521) -> (16329, 16563)
(15549, 17811) -> (16245, 17862)
(12846, 17886) -> (13533, 17940)
(11067, 13317) -> (11763, 13377)
(12393, 11964) -> (13557, 12087)
(13650, 14244) -> (13953, 14280)
(9831, 18945) -> (10308, 19002)
(14709, 17559) -> (15306, 17631)
(11853, 18312) -> (12414, 18381)
(5217, 14754) -> (5523, 14793)
(10620, 15360) -> (11514, 15474)
(12273, 27915) -> (13443, 28086)
(11565, 18543) -> (12033, 18612)
(10668, 17652) -> (10908, 17688)
(8337, 18603) -> (8586, 18642)
(13176, 13026) -> (13800, 13134)
(10620, 8046) -> (11226, 8157)
(13080, 12444) -> (13584, 12537)
(14409, 14754) -> (14586, 14787)
(16653, 16887) -> (16866, 16929)
(8286, 27555) -> (9252, 27747)
(9759, 17973) -> (10371, 18099)
(11991, 14859) -> (12369, 14943)
(11307, 17574) -> (11697, 17661)
(25386, 20250) -> (26400, 20490)
(10605, 27507) -> (12273, 27915)
(15798, 21537) -> (16668, 21759)
(14142, 21345) -> (14721, 21495)
(16854, 14664) -> (17673, 14880)
(27843, 21093) -> (28527, 21276)
(10140, 5664) -> (10383, 5730)
(24963, 20127) -> (25386, 20250)
(9900, 13296) -> (10290, 13410)
(14379, 14460) -> (14586, 14523)
(14511, 18561) -> (14904, 18684)
(1080, 22386) -> (1452, 22521)
(11157, 4194) -> (11910, 4473)
(13584, 12537) -> (13836, 12633)
(14451, 17481) -> (14559, 17523)
(27186, 20826) -> (27843, 21093)
(14196, 12633) -> (14487, 12753)
(10947, 17007) -> (11364, 17184)
(26400, 20490) -> (27186, 20826)
(31233, 750) -> (31374, 813)
(18408, 17223) -> (18702, 17358)
(9372, 18732) -> (9831, 18945)
(11097, 12396) -> (11394, 12537)
(13557, 12087) -> (14364, 12480)
(16668, 21759) -> (17244, 22041)
(8787, 18846) -> (9534, 19263)
(14367, 17367) -> (14709, 17559)
(13356, 8187) -> (14154, 8640)
(13830, 6336) -> (14544, 6753)
(9309, 17703) -> (9759, 17973)
(7140, 6993) -> (8463, 7794)
(798, 22215) -> (1080, 22386)
(6756, 26385) -> (7509, 26859)
(13404, 6717) -> (14154, 7197)
(14364, 12480) -> (14826, 12783)
(13953, 14280) -> (14256, 14484)
(1467, 11667) -> (2037, 12054)
(13587, 11073) -> (14430, 11646)
(15729, 17031) -> (15897, 17148)
(6456, 17538) -> (6924, 17868)
(9690, 13653) -> (10446, 14190)
(5016, 14130) -> (5313, 14343)
(2037, 12054) -> (2640, 12513)
(11100, 4344) -> (11766, 4857)
(12783, 7413) -> (13554, 8043)
(14460, 18114) -> (14943, 18513)
(11091, 17667) -> (11289, 17832)
(10314, 14703) -> (10944, 15237)
(10512, 17847) -> (10662, 17976)
(7509, 26859) -> (8286, 27555)
(13986, 8397) -> (15123, 9420)
(5913, 5886) -> (7140, 6993)
(13554, 8043) -> (14454, 8880)
(15294, 17424) -> (15423, 17550)
(17337, 13446) -> (17610, 13713)
(954, 11163) -> (1467, 11667)
(14544, 6753) -> (15453, 7656)
(4737, 4710) -> (5913, 5886)
(8283, 18324) -> (8787, 18846)
(15057, 17424) -> (15135, 17505)
(3822, 20277) -> (4305, 20781)
(11514, 15474) -> (12030, 16014)
(15534, 10050) -> (16077, 10623)
(14097, 17730) -> (14460, 18114)
(12414, 18381) -> (12606, 18588)
(5523, 14793) -> (5847, 15144)
(12834, 6090) -> (13404, 6717)
(20550, 1404) -> (21060, 1977)
(15078, 12132) -> (15705, 12840)
(19008, 17733) -> (19254, 18042)
(12207, 3783) -> (13233, 5076)
(10908, 17688) -> (11052, 17877)
(3630, 12303) -> (5016, 14130)
(12030, 16014) -> (12513, 16653)
(13554, 7287) -> (14226, 8217)
(7071, 18915) -> (7638, 19701)
(7803, 21048) -> (8574, 22152)
(16077, 10623) -> (16623, 11406)
(14826, 12783) -> (15033, 13080)
(17673, 14880) -> (18273, 15777)
(5424, 24273) -> (6087, 25281)
(15123, 9420) -> (15534, 10050)
(20496, 2523) -> (21153, 3564)
(13233, 5076) -> (13734, 5886)
(13044, 6447) -> (13554, 7287)
(6087, 25281) -> (6756, 26385)
(18342, 16029) -> (18900, 16974)
(11766, 4857) -> (12333, 5823)
(11910, 4473) -> (12834, 6090)
(14256, 14484) -> (14409, 14754)
(15660, 17229) -> (15729, 17361)
(15246, 9996) -> (15837, 11127)
(5493, 14034) -> (5754, 14547)
(12513, 16653) -> (12807, 17244)
(2862, 18033) -> (3195, 18714)
(15837, 11127) -> (16374, 12267)
(31374, 813) -> (31443, 960)
(19356, 21153) -> (19458, 21372)
(14226, 8217) -> (14634, 9096)
(4338, 21735) -> (4872, 22890)
(18756, 5100) -> (19854, 7503)
(11670, 2484) -> (12207, 3783)
(19254, 18042) -> (19533, 18723)
(17193, 504) -> (17814, 2040)
(4872, 22890) -> (5424, 24273)
(16623, 11406) -> (17097, 12603)
(12312, 16707) -> (12525, 17277)
(12333, 5823) -> (12660, 6726)
(11571, 17760) -> (11607, 17868)
(2982, 19368) -> (3102, 19752)
(5946, 15303) -> (6204, 16137)
(17814, 2040) -> (18756, 5100)
(21060, 1977) -> (21324, 2886)
(11697, 17661) -> (11763, 17889)
(17097, 12603) -> (17337, 13446)
(17610, 13713) -> (17730, 14163)
(17187, 14916) -> (17397, 15747)
(16590, 5247) -> (17067, 7146)
(16374, 12267) -> (16704, 13623)
(11196, 504) -> (11670, 2484)
(17730, 14163) -> (17976, 15207)
(12702, 12087) -> (12738, 12243)
(15453, 7656) -> (15756, 9030)
(13734, 5886) -> (13830, 6336)
(3195, 18714) -> (3273, 19095)
(18273, 15777) -> (18483, 16914)
(12660, 6726) -> (12783, 7413)
(18567, 576) -> (19200, 4524)
(18900, 16974) -> (19008, 17733)
(6924, 17868) -> (7071, 18915)
(17652, 18306) -> (17775, 19188)
(14586, 14523) -> (14601, 14640)
(19854, 7503) -> (20034, 8916)
(7638, 19701) -> (7803, 21048)
(6363, 16776) -> (6456, 17538)
(20466, 2403) -> (20874, 6690)
(13572, 12576) -> (13605, 12942)
(14097, 16950) -> (14166, 17760)
(8337, 18603) -> (8355, 18819)
(14277, 17556) -> (14346, 18444)
(6927, 13056) -> (7086, 15210)
(11859, 12675) -> (11895, 13185)
(17460, 16716) -> (17556, 18096)
(9474, 12114) -> (9534, 13026)
(17397, 15747) -> (17460, 16716)
(19533, 18723) -> (19611, 20040)
(8247, 17640) -> (8283, 18324)
(13380, 12105) -> (13389, 12285)
(12807, 17244) -> (12837, 17856)
(17775, 19188) -> (17829, 20301)
(18642, 23787) -> (18690, 24795)
(11364, 1896) -> (11436, 3480)
(13884, 12603) -> (13899, 12939)
(12357, 12678) -> (12375, 13083)
(20397, 597) -> (20466, 2403)
(4098, 14160) -> (4119, 14721)
(10710, 12894) -> (10722, 13215)
(4305, 20781) -> (4338, 21735)
(10434, 17709) -> (10443, 17985)
(4626, 17073) -> (4647, 17814)
(14487, 12753) -> (14493, 12993)
(18702, 17358) -> (18705, 17502)
(3750, 4917) -> (3774, 6153)
(13023, 12549) -> (13029, 12915)
(6204, 16137) -> (6213, 16686)
(15897, 17148) -> (15900, 17442)
(7497, 13017) -> (7500, 13446)
(15294, 17325) -> (15294, 17424)
