(22440, 16455) -> (22300, 20047)
(7375, 14979) -> (7303, 16175)
(7372, 18003) -> (7164, 20679)
(20820, 4841) -> (20748, 5473)
(24480, 24483) -> (24340, 25467)
(15477, 11323) -> (15405, 11815)
(12869, 8574) -> (12589, 10334)
(21030, 3500) -> (20890, 4348)
(8219, 12867) -> (8079, 13711)
(15470, 332) -> (14978, 3148)
(20890, 4348) -> (20750, 5052)
(20185, 4556) -> (19765, 6668)
(9206, 8572) -> (9134, 8924)
(24692, 23495) -> (24480, 24483)
(15049, 18215) -> (14981, 18499)
(6953, 4769) -> (6741, 5613)
(20748, 5473) -> (20396, 6809)
(8851, 14412) -> (8711, 14908)
(7655, 14063) -> (7375, 14979)
(24340, 25467) -> (23988, 26595)
(13852, 9699) -> (13640, 10331)
(21033, 17232) -> (20893, 17584)
(19202, 17511) -> (19062, 17863)
(11598, 7938) -> (11106, 9134)
(21524, 21171) -> (20892, 22579)
(12589, 10334) -> (12237, 11110)
(20396, 6809) -> (20044, 7513)
(24060, 896) -> (23424, 2092)
(9839, 12091) -> (9487, 12723)
(15614, 13995) -> (15334, 14491)
(20892, 22579) -> (20328, 23567)
(21948, 4065) -> (21736, 4417)
(8431, 12515) -> (8219, 12867)
(20893, 17584) -> (20681, 17936)
(20401, 12165) -> (19697, 13293)
(16318, 19417) -> (15966, 19981)
(23988, 26595) -> (22860, 28355)
(19974, 124) -> (18918, 1740)
(16881, 13715) -> (16741, 13927)
(18853, 17372) -> (18709, 17584)
(8501, 2517) -> (6953, 4769)
(22300, 20047) -> (21524, 21171)
(15685, 18076) -> (15333, 18568)
(9837, 685) -> (8501, 2517)
(9204, 17019) -> (8712, 17651)
(22860, 28355) -> (21876, 29551)
(10470, 7164) -> (9206, 8572)
(18076, 21031) -> (17372, 21807)
(14062, 17933) -> (13854, 18145)
(16389, 19769) -> (15969, 20193)
(13218, 4416) -> (10470, 7164)
(14204, 9347) -> (13852, 9699)
(8711, 14908) -> (8431, 15188)
(22580, 16315) -> (22440, 16455)
(13570, 404) -> (12582, 1388)
(13290, 6602) -> (13218, 6670)
(15969, 20193) -> (15897, 20261)
(12374, 7234) -> (11598, 7938)
(18496, 29267) -> (17792, 29903)
(27069, 421) -> (25536, 1741)
(8079, 13711) -> (7655, 14063)
(8712, 17651) -> (7936, 18287)
(13150, 6670) -> (12374, 7234)
(14978, 3148) -> (13218, 4416)
(15405, 10831) -> (14137, 11743)
(25536, 1741) -> (23144, 3433)
(15188, 21875) -> (14344, 22439)
(18786, 11184) -> (18154, 11604)
(6741, 5613) -> (6389, 5825)
(10681, 193) -> (9837, 685)
(13641, 17724) -> (13149, 18004)
(21457, 18782) -> (20333, 19418)
(16250, 13643) -> (15614, 13995)
(23144, 3433) -> (21948, 4065)
(19694, 17653) -> (19554, 17725)
(14628, 9135) -> (14204, 9347)
(16741, 13927) -> (16461, 14067)
(17234, 13363) -> (15474, 14243)
(20545, 19346) -> (20401, 19418)
(21736, 4417) -> (20820, 4841)
(14766, 5966) -> (13290, 6602)
(14701, 11603) -> (14209, 11815)
(20401, 19418) -> (19909, 19630)
(16876, 22651) -> (16384, 22863)
(24060, 2447) -> (23072, 2867)
(17586, 13223) -> (17234, 13363)
(20193, 18994) -> (19629, 19206)
(16394, 10480) -> (15653, 10744)
(17026, 11464) -> (16394, 11676)
(19485, 17160) -> (18853, 17372)
(21529, 19134) -> (20825, 19346)
(15562, 19592) -> (15193, 19697)
(15267, 11395) -> (14771, 11535)
(16955, 10900) -> (16179, 11112)
(15121, 19697) -> (14841, 19769)
(20681, 17936) -> (19837, 18148)
(17792, 29903) -> (16384, 30255)
(16109, 11183) -> (15477, 11323)
(16954, 13503) -> (16318, 13643)
(7936, 18287) -> (7584, 18355)
(21457, 18782) -> (20193, 18994)
(21876, 29551) -> (20608, 29763)
(16670, 5686) -> (14838, 5966)
(16250, 19417) -> (14206, 19697)
(16384, 30255) -> (14764, 30467)
(14837, 17584) -> (13641, 17724)
(9063, 12443) -> (8431, 12515)
(21601, 18994) -> (19629, 19206)
(21529, 19134) -> (19417, 19346)
(16394, 11676) -> (14210, 11888)
(15615, 19909) -> (14843, 19981)
(15333, 18568) -> (14557, 18640)
(20329, 17092) -> (19485, 17160)
(17306, 10408) -> (16394, 10480)
(30500, 2000) -> (31099, 2000)
(31501, 2001) -> (32000, 2001)
(30500, 2500) -> (31001, 2500)
(31501, 2501) -> (32000, 2501)
(30500, 3000) -> (31002, 3000)
(31501, 3001) -> (32000, 3001)
(19481, 4486) -> (20117, 4486)
(16738, 5758) -> (16810, 5758)
(14766, 5966) -> (14838, 5966)
(17934, 6178) -> (18078, 6178)
(13150, 6670) -> (13218, 6670)
(17306, 10408) -> (17450, 10408)
(17024, 10970) -> (17096, 10970)
(21384, 11528) -> (21876, 11528)
(14209, 11815) -> (15407, 11815)
(16250, 13643) -> (16318, 13643)
(8359, 15188) -> (8431, 15188)
(19061, 18148) -> (19837, 18148)
(13853, 18640) -> (14557, 18640)
(12798, 19345) -> (13997, 19345)
(19417, 19346) -> (20825, 19346)
(12870, 19417) -> (16318, 19417)
(13362, 19697) -> (15193, 19697)
(12941, 19769) -> (16389, 19769)
(13433, 19981) -> (15966, 19981)
(13997, 20049) -> (14065, 20049)
(17440, 22723) -> (17512, 22723)
(19412, 29763) -> (20608, 29763)
(12652, 30395) -> (14764, 30467)
(19417, 19346) -> (20333, 19418)
(15121, 20193) -> (15897, 20261)
(17096, 10970) -> (17872, 11042)
(18028, 11130) -> (18505, 11184)
(13433, 19981) -> (13997, 20049)
(17026, 11464) -> (18154, 11604)
(16876, 22651) -> (17440, 22723)
(14065, 20049) -> (15121, 20193)
(12942, 19489) -> (14138, 19697)
(13361, 19557) -> (14489, 19769)
(17512, 22723) -> (17864, 22791)
(20329, 17092) -> (21033, 17232)
(15188, 21523) -> (15540, 21595)
(16177, 13995) -> (16461, 14067)
(16810, 5758) -> (17866, 6038)
(8853, 9345) -> (9557, 9557)
(14909, 17652) -> (15613, 17864)
(13362, 19697) -> (14206, 19981)
(17586, 13223) -> (18078, 13435)
(12941, 19769) -> (13433, 19981)
(13640, 23075) -> (14764, 23567)
(14137, 19489) -> (14701, 19769)
(17870, 10726) -> (18786, 11184)
(19769, 19558) -> (19909, 19630)
(4489, 4697) -> (5685, 5333)
(18496, 29267) -> (19412, 29763)
(18078, 13435) -> (18574, 13715)
(2937, 3641) -> (3641, 4065)
(16737, 1672) -> (18005, 2444)
(12373, 3853) -> (13145, 4345)
(10612, 29059) -> (12652, 30395)
(9063, 12443) -> (9487, 12723)
(5685, 5333) -> (6389, 5825)
(3641, 4065) -> (4489, 4697)
(17450, 10408) -> (18010, 10832)
(12446, 18993) -> (13362, 19697)
(9064, 27791) -> (10612, 29059)
(13077, 18004) -> (13853, 18640)
(11596, 20963) -> (13148, 22371)
(19132, 22439) -> (20328, 23567)
(14837, 17584) -> (14909, 17652)
(14362, 18094) -> (14416, 18145)
(13361, 13432) -> (13433, 13504)
(15334, 14491) -> (15686, 14843)
(15613, 17864) -> (15685, 17936)
(7375, 17583) -> (7867, 18075)
(12939, 19205) -> (13011, 19277)
(12446, 18993) -> (12942, 19489)
(19345, 19134) -> (19769, 19558)
(13568, 23003) -> (13640, 23075)
(8643, 16384) -> (8923, 16668)
(13997, 19345) -> (14137, 19489)
(16670, 5686) -> (16738, 5758)
(17866, 6038) -> (17934, 6110)
(12801, 12800) -> (13361, 13432)
(9204, 17019) -> (9628, 17511)
(8569, 8993) -> (8853, 9345)
(19906, 17300) -> (20190, 17652)
(13011, 19277) -> (13575, 19981)
(21876, 11528) -> (22156, 11880)
(18078, 6178) -> (19134, 7518)
(16459, 15121) -> (16955, 15757)
(22580, 16315) -> (23776, 17863)
(16038, 15615) -> (16462, 16179)
(18076, 21031) -> (19132, 22439)
(18005, 2444) -> (19481, 4416)
(7725, 7865) -> (8569, 8993)
(18709, 17652) -> (19061, 18148)
(12305, 18853) -> (12941, 19769)
(3855, 1602) -> (4627, 2726)
(18289, 13713) -> (18433, 13925)
(9134, 8924) -> (9414, 9344)
(19976, 8852) -> (20680, 9908)
(15540, 21595) -> (16384, 22863)
(13148, 22371) -> (13568, 23003)
(9628, 17511) -> (10752, 19203)
(10681, 193) -> (11669, 1741)
(22228, 12796) -> (22440, 13148)
(14837, 17863) -> (15049, 18215)
(7372, 18003) -> (7584, 18355)
(20680, 9908) -> (21312, 10964)
(7233, 7021) -> (7725, 7865)
(8359, 15892) -> (8643, 16384)
(7936, 25819) -> (9064, 27791)
(15686, 14843) -> (16038, 15475)
(17440, 22019) -> (17864, 22791)
(19062, 17863) -> (19202, 18147)
(13854, 18145) -> (14062, 18569)
(14556, 23143) -> (14764, 23567)
(10752, 19203) -> (11596, 20963)
(11669, 1741) -> (12161, 2937)
(19200, 3219) -> (19692, 4487)
(20396, 121) -> (21032, 1813)
(6741, 5613) -> (6953, 6177)
(15267, 11395) -> (15407, 11815)
(6953, 6177) -> (7233, 7021)
(17801, 10833) -> (17869, 11041)
(17372, 21807) -> (17440, 22019)
(23776, 17863) -> (24200, 19203)
(16462, 16179) -> (16672, 16866)
(14344, 22439) -> (14556, 23143)
(21806, 12936) -> (22090, 13924)
(7516, 24199) -> (7936, 25819)
(16955, 10900) -> (17095, 11464)
(12161, 2937) -> (12373, 3853)
(18988, 1812) -> (19340, 3360)
(16956, 10618) -> (17024, 10970)
(24200, 19203) -> (24552, 21031)
(22156, 11880) -> (22228, 12300)
(17872, 11042) -> (17940, 11466)
(16454, 121) -> (16666, 1529)
(21312, 10964) -> (21384, 11528)
(16109, 11183) -> (16181, 11747)
(12657, 11672) -> (12801, 12800)
(9555, 8147) -> (9699, 9487)
(7164, 20679) -> (7516, 24199)
(22440, 13148) -> (22580, 14624)
(22580, 14624) -> (22720, 16316)
(24552, 21031) -> (24692, 23495)
(19904, 7584) -> (19976, 8852)
(9767, 10755) -> (9839, 12091)
(9699, 9487) -> (9767, 10755)
(7303, 16175) -> (7375, 17583)
(30500, 2000) -> (30500, 3000)
(31501, 2001) -> (31501, 3001)
(32000, 2001) -> (32000, 3001)
(21030, 1952) -> (21030, 3500)
(17934, 6110) -> (17934, 6178)
(19134, 7518) -> (19134, 7586)
(15335, 10899) -> (15335, 11323)
(16179, 10621) -> (16179, 11744)
(14771, 11287) -> (14771, 11815)
(22228, 12300) -> (22228, 12796)
(12237, 11110) -> (12237, 13502)
(22090, 13924) -> (22090, 14628)
(16038, 15475) -> (16038, 15615)
(8359, 15188) -> (8359, 15892)
(16743, 17095) -> (16743, 17623)
(19554, 17725) -> (19554, 17933)
(15685, 17936) -> (15685, 18076)
(20190, 17652) -> (20190, 18076)
(14343, 18077) -> (14343, 18285)
(16742, 17799) -> (16742, 18363)
(16389, 19629) -> (16389, 19769)
(15188, 21523) -> (15188, 21875)
