(14080, 12032) -> (4096, 22016)
(15104, 12032) -> (4096, 23040)
(16128, 12032) -> (4096, 24064)
(17152, 17152) -> (5120, 29184)
(17152, 18176) -> (6144, 29184)
(17152, 19200) -> (7168, 29184)
(22016, 3200) -> (26112, 3200)
(22016, 7296) -> (26112, 7296)
(13056, 12032) -> (17088, 12032)
(13056, 16128) -> (17152, 16128)
(13120, 20224) -> (17152, 20224)
(4096, 20992) -> (8128, 20992)
(4096, 25088) -> (8192, 25088)
(4160, 29184) -> (8192, 29184)
(26112, 3200) -> (26112, 7296)
(22016, 3200) -> (22016, 11392)
(13056, 12032) -> (13056, 16128)
(17152, 16128) -> (17152, 20224)
(4096, 20992) -> (4096, 25088)
(8192, 25088) -> (8192, 29184)
