(15000, 0) -> (0, 30000)
(20000, 0) -> (5000, 30000)
(25000, 0) -> (10000, 30000)
(30000, 0) -> (15000, 30000)
(15000, 0) -> (0, 15000)
(20000, 0) -> (0, 20000)
(25000, 0) -> (0, 25000)
(30000, 0) -> (0, 30000)
(30000, 5000) -> (5000, 30000)
(30000, 10000) -> (10000, 30000)
(30000, 15000) -> (15000, 30000)
(30000, 0) -> (0, 15000)
(30000, 5000) -> (0, 20000)
(30000, 10000) -> (0, 25000)
(30000, 15000) -> (0, 30000)
(0, 0) -> (30000, 0)
(0, 5000) -> (30000, 5000)
(0, 10000) -> (30000, 10000)
(0, 15000) -> (30000, 15000)
(0, 20000) -> (30000, 20000)
(0, 25000) -> (30000, 25000)
(0, 30000) -> (30000, 30000)
(0, 0) -> (30000, 15000)
(0, 5000) -> (30000, 20000)
(0, 10000) -> (30000, 25000)
(0, 15000) -> (30000, 30000)
(15000, 0) -> (30000, 15000)
(10000, 0) -> (30000, 20000)
(5000, 0) -> (30000, 25000)
(0, 15000) -> (15000, 30000)
(0, 10000) -> (20000, 30000)
(0, 5000) -> (25000, 30000)
(0, 0) -> (30000, 30000)
(0, 0) -> (15000, 30000)
(5000, 0) -> (20000, 30000)
(10000, 0) -> (25000, 30000)
(15000, 0) -> (30000, 30000)
(0, 0) -> (0, 30000)
(5000, 0) -> (5000, 30000)
(10000, 0) -> (10000, 30000)
(15000, 0) -> (15000, 30000)
(20000, 0) -> (20000, 30000)
(25000, 0) -> (25000, 30000)
(30000, 0) -> (30000, 30000)
