(19964, 1476) -> (19964, 7659)
(3949, 5762) -> (3949, 8528)
(6137, 2154) -> (6137, 10058)
(18014, 3105) -> (18014, 11568)
(11585, 4132) -> (11585, 12912)
(5979, 3124) -> (5979, 15131)
(15885, 1497) -> (15885, 16389)
(2775, 3833) -> (2775, 17839)
(15826, 7745) -> (15826, 18319)
(18147, 1621) -> (18147, 18323)
(13033, 2366) -> (13033, 18486)
(9200, 4869) -> (9200, 18544)
(7674, 9568) -> (7674, 18802)
(15411, 8971) -> (15411, 19190)
(7306, 2984) -> (7306, 19263)
(4184, 2462) -> (4184, 19471)
(1825, 2431) -> (1825, 19680)
(7342, 1787) -> (7342, 19787)
(15165, 7696) -> (15165, 19969)
(1533, 6056) -> (1533, 20198)
(17619, 1701) -> (17619, 20231)
(9557, 1388) -> (9557, 20238)
(19953, 10489) -> (19953, 20439)
(16859, 8067) -> (16859, 20614)
(13536, 9107) -> (13536, 20946)
