(2624, 1040) -> (15579, 1040)
(9937, 1159) -> (17792, 1159)
(2028, 1783) -> (18095, 1783)
(8029, 1826) -> (14525, 1826)
(3525, 1850) -> (16587, 1850)
(2496, 3034) -> (16744, 3034)
(6113, 3095) -> (14847, 3095)
(6095, 3120) -> (19909, 3120)
(7684, 3141) -> (14657, 3141)
(6415, 3163) -> (16367, 3163)
(3914, 3287) -> (16379, 3287)
(7199, 3628) -> (14313, 3628)
(8013, 3745) -> (17671, 3745)
(7992, 5167) -> (16729, 5167)
(12141, 5942) -> (19921, 5942)
(2230, 6356) -> (13115, 6356)
(8171, 7118) -> (17135, 7118)
(6300, 7218) -> (17289, 7218)
(7430, 7696) -> (17259, 7696)
(2147, 8892) -> (16919, 8892)
(1341, 8976) -> (7683, 8976)
(4850, 9254) -> (17739, 9254)
(1622, 9333) -> (20455, 9333)
(2551, 9661) -> (20475, 9661)
(9037, 9809) -> (20603, 9809)
(5566, 10011) -> (19363, 10011)
(10849, 10556) -> (19201, 10556)
(10340, 11518) -> (15497, 11518)
(6437, 11841) -> (20192, 11841)
(12567, 11991) -> (19205, 11991)
(2066, 12180) -> (10442, 12180)
(3648, 13133) -> (15334, 13133)
(3454, 13746) -> (18773, 13746)
(6650, 13861) -> (18679, 13861)
(12043, 14089) -> (20016, 14089)
(2735, 14194) -> (13957, 14194)
(1947, 15175) -> (16628, 15175)
(5493, 16281) -> (14705, 16281)
(6030, 16537) -> (20310, 16537)
(4351, 17335) -> (13505, 17335)
(11973, 17473) -> (16560, 17473)
(10701, 17481) -> (19160, 17481)
(4218, 18014) -> (12107, 18014)
(3189, 18152) -> (9886, 18152)
(2271, 18213) -> (18486, 18213)
(1748, 18611) -> (9303, 18611)
(8643, 18776) -> (19621, 18776)
(8101, 19912) -> (12474, 19912)
(3064, 20684) -> (16150, 20684)
(5249, 20754) -> (17428, 20754)
