(13241, 2773) -> (13241, 6600)
(3938, 2028) -> (3938, 6720)
(12682, 4167) -> (12682, 8119)
(12946, 2011) -> (12946, 10842)
(9240, 1674) -> (9240, 11090)
(2113, 2466) -> (2113, 11357)
(17445, 5574) -> (17445, 11670)
(16135, 2893) -> (16135, 12182)
(8410, 4328) -> (8410, 12484)
(12767, 2183) -> (12767, 12538)
(18746, 7918) -> (18746, 12573)
(18450, 8227) -> (18450, 12731)
(2310, 1510) -> (2310, 12857)
(8640, 11528) -> (8640, 12934)
(3693, 6797) -> (3693, 13288)
(19786, 2472) -> (19786, 13583)
(18917, 10504) -> (18917, 14275)
(13970, 2804) -> (13970, 14339)
(6209, 1259) -> (6209, 14494)
(5171, 1735) -> (5171, 15352)
(10730, 6366) -> (10730, 15388)
(16143, 1099) -> (16143, 15495)
(3520, 6603) -> (3520, 15678)
(17702, 7566) -> (17702, 15830)
(7074, 4139) -> (7074, 15935)
(14100, 6321) -> (14100, 15992)
(14770, 1053) -> (14770, 16224)
(1207, 1150) -> (1207, 16488)
(5774, 1625) -> (5774, 16525)
(15364, 4314) -> (15364, 16630)
(13607, 6206) -> (13607, 16864)
(4324, 6319) -> (4324, 16946)
(12745, 9192) -> (12745, 17070)
(3628, 7246) -> (3628, 17112)
(15570, 14475) -> (15570, 17117)
(20354, 1985) -> (20354, 17231)
(3014, 2473) -> (3014, 17376)
(7276, 2536) -> (7276, 17376)
(10626, 5088) -> (10626, 17380)
(4090, 7162) -> (4090, 17409)
(2926, 5786) -> (2926, 17451)
(7398, 1320) -> (7398, 17629)
(17589, 2607) -> (17589, 17732)
(14423, 8145) -> (14423, 17874)
(11872, 2404) -> (11872, 18067)
(6177, 7115) -> (6177, 18079)
(1083, 3062) -> (1083, 18134)
(19811, 7792) -> (19811, 18197)
(6358, 5301) -> (6358, 18274)
(1699, 5710) -> (1699, 18289)
(4709, 1178) -> (4709, 18297)
(17124, 10369) -> (17124, 18479)
(20259, 1766) -> (20259, 18778)
(2907, 1570) -> (2907, 18864)
(16815, 2690) -> (16815, 18881)
(12302, 2510) -> (12302, 18893)
(14436, 2274) -> (14436, 19047)
(1709, 1114) -> (1709, 19067)
(17857, 14367) -> (17857, 19096)
(6460, 11074) -> (6460, 19107)
(17723, 1162) -> (17723, 19167)
(1469, 5508) -> (1469, 19217)
(18755, 4057) -> (18755, 19276)
(20701, 5614) -> (20701, 19365)
(5000, 3264) -> (5000, 19490)
(8173, 3268) -> (8173, 19525)
(19079, 4309) -> (19079, 19566)
(8883, 2229) -> (8883, 19612)
(6131, 5100) -> (6131, 19668)
(18697, 3344) -> (18697, 19669)
(5829, 1265) -> (5829, 19713)
(13646, 4371) -> (13646, 19754)
(12301, 8069) -> (12301, 19793)
(10422, 8799) -> (10422, 19831)
(9985, 7211) -> (9985, 19834)
(9003, 2883) -> (9003, 19924)
(18009, 5460) -> (18009, 19954)
(8624, 8941) -> (8624, 20055)
(1355, 9294) -> (1355, 20058)
(2977, 2179) -> (2977, 20105)
(8351, 1961) -> (8351, 20142)
(15522, 5532) -> (15522, 20151)
(13106, 8780) -> (13106, 20154)
(13469, 1049) -> (13469, 20173)
(8581, 6969) -> (8581, 20217)
(15309, 5633) -> (15309, 20364)
(15135, 15588) -> (15135, 20439)
(12111, 11514) -> (12111, 20475)
(16749, 5311) -> (16749, 20505)
(14550, 1521) -> (14550, 20542)
(12714, 6982) -> (12714, 20597)
(15865, 4660) -> (15865, 20616)
(20303, 13456) -> (20303, 20678)
(1020, 3586) -> (1020, 20726)
(9155, 5222) -> (9155, 20746)
(13378, 11023) -> (13378, 20756)
(1731, 4032) -> (1731, 20817)
(7465, 2449) -> (7465, 20880)
(17852, 1188) -> (17852, 20904)
(19597, 8445) -> (19597, 20918)
